S	233915238	10112	2021	PERSONAL_Y_COSTOS_DE_PLANTA
D	1.02	107	001	DIRECTIVO GRADO 15	2	2	V3	8266748.00	0.00	0.00	0.00	0.00	0.00	0.00	0.00	0.00			0.00	0.00	6521350.00	4839581.00	0.00	7847018.00	0.00	0.00	16313211.00	0.00
D	1.02	002	003	DIRECTIVO GRADO 13	4	4	V3	5178802.00	0.00	0.00	0.00	0.00	0.00	0.00	0.00	0.00	227132.00		0.00	0.00	4446535.00	2780065.00	0.00	4377842.00	0.00	0.00	9408785.00	0.00
D	1.04	034	002	DIRECTIVO GRADO 14	2	2	V2	4450802.00	0.00	0.00	0.00	0.00	0.00	0.00	0.00	0.00			0.00	0.00	5160418.00	1557781.00	0.00	2471179.00	0.00	0.00	5381741.00	0.00
D	1.04	009	002	DIRECTIVO GRADO 14	6	6	V3	4450802.00	0.00	0.00	0.00	0.00	0.00	0.00	0.00	0.00			0.00	0.00	976703.00		0.00		0.00	0.00		0.00
D	1.08	001	004	PROFESIONAL GRADO 12	14	14	V3	4026452.00	0.00	0.00	0.00	0.00	0.00	0.00	0.00	0.00			0.00	0.00	2335583.00	1968595.00	0.00	3131837.00	0.00	0.00	6572534.00	0.00
D	1.08	063	004	PROFESIONAL GRADO 12	1	1	V5	4026452.00	0.00	0.00	0.00	0.00	0.00	0.00	0.00	0.00			0.00	0.00	3064659.00	1836552.00	0.00	3003118.00	0.00	0.00	6042612.00	0.00
D	1.08	025	005	PROFESIONAL GRADO 11	1	1	V3	3452006.00	0.00	0.00	0.00	0.00	0.00	0.00	0.00	0.00			0.00	0.00	3842660.00	1208202.00	0.00		0.00	0.00	4328261.00	0.00
D	1.08	146	038	SUPERNUMERARIO ADMINISTRATIVO 07	1	1	V6	1850000.00	0.00	0.00	0.00	0.00	0.00	0.00	0.00	0.00			0.00	0.00	227995.00		0.00	142676.00	0.00	0.00	227995.00	0.00
D	1.08	133	040	SUPERNUMERARIO ADMINISTRATIVO 14	1	1	V6	2450000.00	0.00	0.00	0.00	0.00	0.00	0.00	0.00	0.00			0.00	0.00	2402351.00		0.00	1201317.00	0.00	0.00	2402361.00	0.00
D	1.08	038	045	SUPERNUMERARIO ADMINISTRATIVO 19	4	4	V6	2150000.00	0.00	0.00	0.00	0.00	0.00	0.00	0.00	0.00			0.00	0.00	2126111.00		0.00		0.00	0.00		0.00
D	1.08	091	047	SUPERNUMERARIO ADMINISTRATIVO 08	1	1	V6	1900000.00	0.00	0.00	0.00	0.00	0.00	0.00	0.00	0.00			0.00	0.00	1108333.00		0.00		0.00	0.00		0.00
D	1.08	060	048	SUPERNUMERARIO ADMINISTRATIVO   15	1	1	V3	2550000.00	0.00	0.00	0.00	0.00	0.00	0.00	0.00	0.00			0.00	0.00	2651812.00	1272247.00	0.00	6544354.00	0.00	0.00	7505650.00	0.00
D	1.08	014	048	SUPERNUMERARIO ADMINISTRATIVO   15	1	1	V6	2550000.00	0.00	0.00	0.00	0.00	0.00	0.00	0.00	0.00			0.00	0.00	1928431.00	154325.00	0.00	220475.00	0.00	0.00	440931.00	0.00
D	1.08	097	049	SUPERNUMERARIOS ADMINISTRATIVO  SST	1	1	V6	2500000.00	0.00	0.00	0.00	0.00	0.00	0.00	0.00	0.00			0.00	0.00	486111.00		0.00		0.00	0.00		0.00
D	1.1	057	013	TRABAJAROR OFICIAL 10	2	2	V5	2791869.00	0.00	0.00	0.00	0.00	0.00	0.00	0.00	0.00	2559021.00	1876610.00	0.00	0.00	8045071.00		0.00	4633556.00	0.00	0.00		0.00
D	1.1	003	015	TECNICO GRADO 04	2	2	V5	2384636.00	0.00	0.00	0.00	0.00	0.00	0.00	0.00	0.00	2392458.00	1754464.00	0.00	0.00	6097169.00		0.00	6603994.00	0.00	0.00		0.00
D	1.1	087	016	TECNICO GRADO 01	1	1	V5	2067245.00	0.00	0.00	0.00	0.00	0.00	0.00	0.00	0.00	2278892.00	1671182.00	0.00	0.00	5310672.00		0.00	3058051.00	0.00	0.00		0.00
D	1.1	030	030	SUPERNUMERARIO OPERATIVO 15	1	1	V6	1000015.00	0.00	0.00	0.00	0.00	0.00	0.00	0.00	0.00		209360.00	0.00	0.00	181336.00		0.00		0.00	0.00		0.00
D	1.12	096	006	TRABAJAROR OFICIAL 02	1	1	V5	2253129.00	0.00	0.00	0.00	0.00	0.00	0.00	0.00	0.00	2596876.00	1904370.00	0.00	0.00	5364436.00		0.00		0.00	0.00		0.00
D	1.12	061	007	TRABAJAROR OFICIAL 03	4	4	V5	2070532.00	0.00	0.00	0.00	0.00	0.00	0.00	0.00	0.00	2528737.00	1854402.00	0.00	0.00	5282475.00		0.00	3107308.00	0.00	0.00	3698264.00	0.00
D	1.12	010	008	TRABAJAROR OFICIAL 05	35	35	V5	2058494.00	0.00	0.00	0.00	0.00	0.00	0.00	0.00	0.00	2513595.00	1843297.00	0.00	0.00	4138740.00		0.00	2121119.00	0.00	0.00	1696347.00	0.00
D	1.12	137	009	TRABAJAROR OFICIAL 06	1	1	V5	2058494.00	0.00	0.00	0.00	0.00	0.00	0.00	0.00	0.00	2468168.00	1809985.00	0.00	0.00	5058823.00		0.00	2882688.00	0.00	0.00	3836704.00	0.00
D	1.12	005	028	SUPERNUMERARIO OPERATIVO 13	1	1	V6	1600000.00	0.00	0.00	0.00	0.00	0.00	0.00	0.00	0.00		106454.00	0.00	0.00			0.00		0.00	0.00		0.00
D	1.12	005	030	SUPERNUMERARIO OPERATIVO 15	31	31	V6	1000015.00	0.00	0.00	0.00	0.00	0.00	0.00	0.00	0.00		1213576.00	0.00	0.00	1062677.00		0.00		0.00	0.00		0.00
D	1.12	020	031	SUPERNUMERARIO OPERATIVO 16	4	4	V6	945578.00	0.00	0.00	0.00	0.00	0.00	0.00	0.00	0.00			0.00	0.00	401780.00		0.00	228578.00	0.00	0.00	401780.00	0.00
D	1.12	100	032	SUPERNUMERARIO ADMINISTRATIVO 01	1	1	V6	900550.00	0.00	0.00	0.00	0.00	0.00	0.00	0.00	0.00		177423.00	0.00	0.00	1725893.00		0.00	863002.00	0.00	0.00	1725893.00	0.00
D	1.12	071	035	SUPERNUMERARIO ADMINISTRATIVO 04	1	1	V6	1500000.00	0.00	0.00	0.00	0.00	0.00	0.00	0.00	0.00		301620.00	0.00	0.00	261246.00		0.00		0.00	0.00		0.00
D	1.12	012	041	SUPERNUMERARIO ADMINISTRATIVO 16	3	3	V6	945578.00	0.00	0.00	0.00	0.00	0.00	0.00	0.00	0.00		493237.00	0.00	0.00	1308783.00		0.00	651558.00	0.00	0.00	1308781.00	0.00
D	1.12	005	044	SUPERNUMERARIO ADMINISTRATIVO 10	1	1	V6	1979321.00	0.00	0.00	0.00	0.00	0.00	0.00	0.00	0.00			0.00	0.00	291400.00		0.00		0.00	0.00		0.00
D	1.12	022	045	SUPERNUMERARIO ADMINISTRATIVO 19	1	1	V6	2150000.00	0.00	0.00	0.00	0.00	0.00	0.00	0.00	0.00			0.00	0.00	1612500.00		0.00	806250.00	0.00	0.00	1612500.00	0.00
D	1.12	033	046	SUPERNUMERARIO ADMINISTRATIVO 20	8	8	V6	1000015.00	0.00	0.00	0.00	0.00	0.00	0.00	0.00	0.00		106454.00	0.00	0.00			0.00		0.00	0.00		0.00
D	1.12	027	047	SUPERNUMERARIO ADMINISTRATIVO 08	1	1	V6	1900000.00	0.00	0.00	0.00	0.00	0.00	0.00	0.00	0.00		1096476.00	0.00	0.00	2177195.00		0.00	526016.00	0.00	0.00	1052032.00	0.00
D	1.12	088	050	SUPERNUMERARIO ADMINISTRATIVO 	1	1	V6	1600000.00	0.00	0.00	0.00	0.00	0.00	0.00	0.00	0.00		1156800.00	0.00	0.00	2585838.00		0.00	1172045.00	0.00	0.00	2344090.00	0.00
